1 0.19375 0.240625 0.3421875 0.265625
1 0.37421875 0.70703125 0.4625 0.3953125
1 0.50703125 0.325 0.315625 0.34375
1 0.78984375 0.35703125 0.4203125 0.2671875
1 0.70390625 0.64375 0.275 0.3640625
1 0.8234375 0.15859375 0.3453125 0.28125
1 0.10703125 0.88203125 0.2015625 0.2359375
1 0.76015625 0.8921875 0.4796875 0.2125
1 0.54375 0.0734375 0.40625 0.146875
1 0.1625 0.0796875 0.325 0.153125
1 0.2171875 0.50390625 0.2828125 0.2515625
1 0.0890625 0.60078125 0.178125 0.3640625
1 0.89375 0.6390625 0.2125 0.3375