1 0.23515625 0.1984375 0.25859375 0.3375
1 0.7046875 0.3703125 0.3875 0.45703125
1 0.325 0.51015625 0.3390625 0.309375
1 0.3625 0.7921875 0.25859375 0.415625
1 0.64765625 0.7015625 0.35859375 0.26953125
1 0.1640625 0.8296875 0.27578125 0.340625
1 0.8796875 0.1 0.23984375 0.196875
1 0.89765625 0.7578125 0.2046875 0.484375
1 0.0734375 0.55234375 0.1421875 0.403125
1 0.0734375 0.165625 0.146875 0.33125
1 0.49921875 0.2171875 0.24765625 0.27890625
1 0.59453125 0.08671875 0.3609375 0.1734375
1 0.64609375 0.89453125 0.334375 0.2109375